
18.48
18.90
18.74
18.55
18.83
19.04
18.67
18.81
18.43
18.95
18.58
19.14
18.71
19.09
18.29
18.32
18.86
18.84
18.57
18.72
18.79
18.41
18.96
18.45
18.66
18.74
19.02
18.72
19.19
18.98
18.75
18.61
18.98
18.40
18.94
18.45
18.61
18.77
19.00
18.54
18.71
19.59
18.71
19.36
18.65
18.38
18.71
18.41
18.54
18.21
18.71
18.19
19.13
18.71
18.88
18.71
19.15
18.46
18.79
18.43
18.53
18.35
18.38
18.30
18.89
19.56
18.96
18.55
18.58
18.61
18.72
18.22
18.52
18.27
19.10
19.34
18.57
18.75
18.62
18.86
18.61
19.19
18.76
18.90
18.53
18.18
19.04
18.86
19.11
19.19
19.01
18.60
19.08
18.45
18.39
19.08
19.32
18.85
18.88
19.13
18.88
18.72
18.29
19.06
18.93
18.46
18.84
19.28
19.27
19.00
19.26
19.11
18.55
18.87
19.19
18.98
19.14
19.15
18.86
18.41
18.84
18.35
19.17
18.50
19.05
18.45
18.25
18.25
18.78
18.63
18.91
18.84
18.69
18.93
19.03
18.95
19.00
18.47
18.96
18.94
18.97
18.81
19.04
18.87
18.23
18.69
18.52
17.99
17.46
18.92
18.32
18.49
18.46
18.94
19.33
18.70
18.47
19.09
19.03
18.79
18.61
18.99
18.46
18.63
18.82
18.07
17.15
19.02
18.19
19.16
18.18
18.68
18.22
18.13
18.53
19.77
18.89
17.98
18.26
18.72
18.46
19.04
18.78
19.01
19.34
18.22
18.36
18.29
17.62
17.80
18.34
18.04
18.24
17.72
18.69
18.71
18.53
18.32
18.37
19.17
18.81
18.63
18.35
19.31
18.42
18.46
19.40
18.48
18.94
19.16
19.17
18.00
17.74
18.08
18.65
18.96
18.82
19.02
19.29
19.06
18.79
18.88
19.19
18.99
18.98
18.90
19.05
18.71
18.80
19.03
18.79
18.71
18.88
18.67
18.90
18.87
19.02
18.74
18.43
19.12
18.92
18.31
19.15
18.99
19.15
18.81
19.11
19.29
18.67
18.94
18.71
19.13
18.78
18.97
19.70
19.17
18.84
18.94
18.81
17.96
18.77
18.96
17.94
19.14
18.89
18.89
18.12
18.97
18.71
18.40
18.42
18.43
18.85
19.10
18.79
18.63
19.26
18.81
18.71
18.39
18.38
18.62
18.42
19.01
18.70
18.61
18.79
17.94
18.79
18.79
18.82
18.38
18.48
18.94
18.97
17.94
18.93
18.44
18.66
18.35
18.83
19.50
19.07
18.54
18.98
18.57
18.37
18.89
18.78
18.74
18.02
18.79
18.65
18.93
18.53
18.48
19.11
18.96
18.86
18.20
18.86
19.21
18.50
19.44
18.70
18.65
18.63
19.25
18.58
18.76
19.05
18.94
18.44
19.00
18.91
19.13
18.71
19.44
18.49
18.80
18.65
18.43
18.93
19.12
18.42
17.70
18.61
18.55
18.53
18.29
18.52
18.88
18.93
18.86
18.15
19.12
19.07
18.88
18.86
18.93
18.80
19.04
18.96
18.89
18.45
18.86
19.06
18.65
19.12
18.87
18.79
18.96
18.90
19.38
19.17
18.34
19.04
18.85
18.96
18.27
18.95
18.33
19.28
19.15
18.42
19.20
18.94
18.83
18.35
18.93
18.67
18.74
18.98
19.08
18.00
19.63
18.63
18.98
19.04
19.02
18.44
18.23
18.92
18.96
18.98
18.82
18.88
19.06
18.91
18.73
18.78
19.02
18.93
18.92
18.47
18.74
18.71
18.23
18.93
18.78
19.20
18.72
18.96
18.97
18.69
18.64
18.34
18.55
18.77
19.15
18.52
18.70
19.10
19.02
17.96
18.25
18.64
19.29
18.13
18.60
18.67
18.83
19.14
18.78
18.96
19.09
18.88
18.92
19.28
18.63
18.54
18.24
18.63
18.45
19.46
19.46
18.43
18.46
19.30
18.45
18.82
18.96
19.59
18.96
19.05
19.77
18.79
18.27
17.94
19.04
18.31
19.54
18.52
18.96
18.46
18.94
19.07
18.58
19.07
18.71
19.45
18.40
18.67
19.39
18.31
19.24
19.62
18.92
18.56
19.05
17.67
19.63
18.17
19.00
18.85
18.44
18.51
18.06
19.04
18.63
18.13
18.88
18.88
18.29
18.55
18.46
18.44
18.40
18.96
19.31
17.52
18.99
19.75
18.50
18.38
18.78
18.29
18.09
18.99
18.27
19.77
18.85
19.19
19.58
18.80
19.07
18.53
18.86
18.78
19.49
18.41
17.78
18.88
19.49
18.17
18.29
19.12
18.34
18.93
18.89
19.19
19.50
18.65
19.36
18.24
18.29
18.16
18.56
19.63
18.38
18.46
18.56
19.75
18.46
17.97
18.38
19.30
17.98
18.85
18.65
19.24
18.59
18.20
18.84
18.52
18.37
18.56
18.49
17.77
18.34
18.20
18.40
18.23
18.28
18.16
18.03
18.35
18.38
18.31
18.70
18.09
17.99
18.10
18.57
18.58
18.35
18.15
17.98
18.52
17.89
17.61
18.14
18.59
18.21
18.05
18.83
18.44
18.08
17.97
17.60
18.37
18.00
17.96
18.20
18.71
18.13
17.78
18.13
18.01
17.97
18.19
18.21
18.59
18.04
18.15
18.47
18.27
18.86
18.15
17.88
18.11
17.70
17.72
18.04
18.29
18.10
17.79
18.25
17.95
18.29
18.05
18.11
18.32
18.25
17.87
18.12
18.49

